請設計數字0到9十個數字5x4點矩陣數字，然後輸入一整數與圖形放大倍數n，
列印此數字所對應的放大點矩陣圖形。例如下面數字3被放大2倍或3倍的點矩陣圖形。

                                 
                                 333333333333   
                                 333333333333   
             33333333            333333333333   
             33333333                     333   
                   33                     333   
3333               33                     333   
   3           333333            333333333333   
 333           333333            333333333333   
   3               33            333333333333   
3333               33                     333   
             33333333                     333   
             33333333                     333   
                                 333333333333   
                                 333333333333   
                                 333333333333   

## 原本大小    兩倍大小          三倍大小

