13
73 151 235 25 37 162 306 1 235 169 139 140 419 0
56 243 135 84 42 14 11 373 46 336 206 152 0
41 393 157 191 115 181 227 277 487 227 0
365 139 50 198 251 106 441 385 190 482 399 200 343 444 23 0
289 120 124 170 277 0
1828 114 191 1727 1021 185 251 432 738 450 1223 0
469 615 814 408 388 188 69 251 234 140 417 812 380 664 0
4278 11090 13150 5186 12610 10578 0
12580 416 3600 16174 10196 1117 6762 1301 10953 3399 7827 765 6406 0
635 698 715 423 53 355 549 985 622 218 0
16089 6715 12093 13787 2911 12508 1002 2701 6319 2119 9462 7620 13071 0
13836 2882 7981 2218 13030 2755 13651 3399 3601 2935 12172 2974 12881 0
11628 15354 5826 7336 12757 8737 3460 13758 11437 9778 15876 4515 1013 12563 991 0