25
7245179 9233652 -8150643
287655 -1546974 8195347
-4585869 -4473813 -1757077
-8447209 3471490 -7238306
-9559232 5293680 -2497974
6846118 3164125 1561387
824660 -1603557 -5175658
7205780 1481173 -2281807
-745431 2019045 8697488
-3013247 -6410984 -7442913
6796226 -9165805 -8209260
8645583 1121849 243766
6840931 6535979 5769952
-4916146 8088769 -758557
-2154452 8529537 -5464877
5347573 5375655 7699248
-3091039 -3799684 -3904308
1733302 -6593903 7576864
9451495 2660665 -404091
8148984 9647417 3184925
-9293928 6443644 4019119
-7503188 5089227 -4859032
2740577 1930159 -8323052
-1489471 7014013 9765716
7751971 -5140439 8295254