27
1769349409 835012234
406766503 1476231714
755072957 1353732726
1233832112 218165073
234055541 1632850526
485875873 1207860253
1660341962 662745001
667216578 89156132
620033918 1196989566
1944942408 1414477007
2081037907 1949065696
569475916 2096952894
1545063659 822087252
744599839 1018841963
1011110403 1305556259
1322090099 1384863140
975061603 1253959952
2117909674 533065685
351475388 1937756342
1821361020 1127880606
1996055574 1640641919
911761392 334925613
747236761 2097718804
1888063455 695537346
1696790387 1519122478
998931929 1867765993
1379530055 1213277469