23
62160872235737806729831029584822514938714013803544740775530272072612429162488057061482763676067369954699026882945376260232993877386135562063521629425461
3408595602048842192085573042563767667651357310208955412954617302492150110099095239235159792443674132892173477096414015495488103362893809061571240441775097232478525591507346647078766720398903771099444488
382258862231028574261100281936883758817863493280896798025390698127550201491037179836377303873609973810592211414348973275388364055795515120
20985341020594289480596202471862246559405946478745659997715004840583924030397583511583383173698
984729762650247500517208505027019748580915316836544098698206971848465938083481761308953633422991427320587207624093505863713887660617908141081091367124435474030411762223507419719362603649208
232463163452691875116448707769659008534278699381855126493428004605356531720604355018499811475366509176270564632976516161366802138971616417014769346741007116753309016226401734111028987677602
1952132532477489958194625524584538730388053593825001030592563956919572392152809678530
47014732053341694630045471346736637133446649052452774896655987814288227151439510822507534778297905539804721116274335258818688815785242799935
168083057059453008835412295811648513482449585399521
2964380256264737027751613972484188318342902629413059592340951144698015550421029677866167691172936753460125107751808201405322412504014729683541789208526919678625616709698816597250508762424479215217
590606256885570541884749772942551428042092906415213688441386695785274827100237057501589632981816458291377
15872045382336327044129125268014971913825377475586919838578035057243596666433462105
30924968331818141950774266662004983329883069350505541473543078852411779819810423768262381842163187048834539906993570649997
23362861818152996537467507811299195417669439511689710925227862142275523753399638967783310781704529676533897971172191948004316934631842045065771638088947558424515687624190113122357319209227560059859345335
1593326225701717188334037111425359127138512324945743711294024460075377172985524819472680355872170395569016093752628516876254232560412670420129021724057156769422272151448461996634558399312613
108663419801435145222634813321616862316676479606489199659855631147578805142541491839613138636187310021250692221912117150244483885505564704992852486535649258045967239582455392083
65172495098135102433647404982700073500075401759827878315356483347951218369680224170989749666
897889194859191704881857622613605161659692872156509128465291624947856903121114331700554055405737435019936805984303748490745
546662665750093946471250301438060884828525294776407554440171882480313121677942531
20672849399056463095319772838289364792345825123228624
3520521795081009298133389068150256767486070420752187588072561774116509929361729683723821683646575039
40934782466626840596168752972961528246147
225331897728885386831385907404374792487729316726237735896487366037775430145267263939265712977397493337008882180748529437982082901232330048377499158577905215949788844686333663613677308751130190276103