17
4062 7620 280 5596 3848 3322
9282 8093 8810 6887 2601 5496
3281 9615 8385 5779 2662 7198
9225 5772 3617 1945 786 6226
9282 790 4002 7155 7425 180
5361 1487 7800 5640 7082 1647
8962 6364 9740 7772 3251 2340
3268 6531 1954 1652 2309 4615
8850 1534 387 2467 3479 1172
8692 2761 1961 2693 9915 9385
2873 5275 871 672 915 7953
2319 9876 4317 2058 7648 7567
4398 915 4097 6351 2567 6406
966 1416 7940 1352 3882 1419
2524 2574 4179 4484 5267 4093
3869 8139 9368 4740 8811 282
2693 1130 158 7009 3187 7806