19
IMIX 27 28 28 26 27 27 26 28 27 26 26 26 25 23
MYTH 21 22 22 20 19 21 21 19 21 21 20 22 23 22
JEOP 26 23 21 23 26 26 29 28 31 29 29 29 32 32
BLEP 225 224 225 225 224 225 224 224 225 226 226 225 224 224
JABA 24 22 20 19 19 21 21 23 23 23 23 23 22 21
WOWY 26 26 27 26 27 27 28 28 28 29 30 29 28 27
MARU 22 24 22 21 22 24 28 24 21 19 19 20 21 21
ZEOD 22 25 29 32 29 29 32 35 38 42 39 38 35 35
JOOG 204 204 205 207 208 210 214 210 209 210 211 208 209 213
OBAM 73 74 73 76 76 73 75 76 77 81 78 82 84 88
VDKL 24 26 25 25 27 28 30 30 32 32 31 33 35 34
CKCL 60 63 66 65 66 66 64 66 66 69 71 69 67 65
ASDF 146 147 146 145 144 143 143 143 144 144 145 146 145 145
YUKA 23 24 27 29 28 27 29 26 26 29 28 26 29 32
FLNT 59 58 57 58 59 58 58 58 59 59 58 57 57 57
FOTA 24 24 27 26 27 27 25 28 29 27 30 33 30 27
SAKK 22 25 24 23 22 20 23 24 23 21 18 14 13 16
DALG 182 182 180 177 176 179 178 176 178 177 175 178 178 179
INSX 20 21 20 21 20 21 20 20 21 22 21 21 21 20